initial: 6
0.27211 0.12786 0.17563 0.17176 0.16384 0.08879

transition: 6
0.33785 0.32065 0.08718 0.08628 0.08171 0.08632
0.11888 0.33843 0.27561 0.09085 0.08566 0.09059
0.12055 0.11466 0.28957 0.28701 0.09175 0.09645
0.12123 0.11533 0.09741 0.28977 0.27869 0.09756
0.11961 0.11382 0.09614 0.09563 0.28097 0.29382
0.34035 0.10796 0.09124 0.09080 0.08940 0.28023

observation: 6
0.42195 0.41990 0.24028 0.23243 0.23738 0.24244
0.14804 0.15368 0.17616 0.17203 0.08970 0.08978
0.14501 0.14412 0.17057 0.17144 0.18043 0.17768
0.18786 0.18633 0.21040 0.20892 0.21562 0.22513
0.06268 0.06417 0.16428 0.17234 0.17640 0.16499
0.03446 0.03180 0.03830 0.04284 0.10048 0.09998
