initial: 6
0.21677 0.10355 0.19519 0.19841 0.18913 0.09695

transition: 6
0.33708 0.31992 0.08712 0.08631 0.08252 0.08704
0.11869 0.33790 0.27534 0.09083 0.08619 0.09105
0.12024 0.11435 0.28901 0.28676 0.09252 0.09711
0.12066 0.11478 0.09701 0.28891 0.28057 0.09806
0.11862 0.11287 0.09547 0.09510 0.28279 0.29513
0.33894 0.10751 0.09092 0.09060 0.09009 0.28191

observation: 6
0.40756 0.41136 0.23064 0.22217 0.22435 0.23319
0.14816 0.15265 0.17495 0.17055 0.08811 0.08794
0.14444 0.14334 0.16872 0.16959 0.17713 0.17472
0.19698 0.19202 0.21839 0.21743 0.22274 0.22942
0.06300 0.06388 0.16335 0.17095 0.17322 0.16128
0.03986 0.03676 0.04395 0.04931 0.11446 0.11345
